Top 20 Sort By Count
Count    Total      Mean    Stddev    Min  P50.0  P90.0  P95.0  P99.0    Max  2xx  3xx  4xx  5xx  Request
  354  269.680  0.761808  0.633485  0.000  0.682  1.582  2.004  2.675  3.385  354    0    0    0  GET /css/bootstrap.min.css HTTP/1.1
  177  134.440  0.759548  0.633900  0.000  0.682  1.581  2.007  2.673  3.384  177    0    0    0  GET /css/bootstrap-responsive.min.css HTTP/1.1
  177  133.955  0.756808  0.634520  0.000  0.681  1.582  2.003  2.672  3.384  177    0    0    0  GET /img/star.gif HTTP/1.1
  177  135.102  0.763288  0.632876  0.000  0.685  1.581  2.007  2.679  3.384  177    0    0    0  GET /js/bootstrap.min.js HTTP/1.1
  177  135.159  0.763610  0.632723  0.001  0.685  1.582  2.008  2.674  3.386  177    0    0    0  GET /js/jquery.min.js HTTP/1.1
  177  134.643  0.760695  0.632593  0.000  0.681  1.580  2.003  2.707  3.385  177    0    0    0  GET /favicon.ico HTTP/1.1
   74  280.107  3.785230  1.014844  1.055  3.882  4.773  5.259  6.741  6.741   74    0    0    0  GET / HTTP/1.1
   71   55.370  0.779859  0.637622  0.002  0.786  1.593  1.778  2.998  2.998    0   60   11    0  POST /login HTTP/1.1
   48   44.237  0.921604  0.702183  0.026  0.724  1.795  2.764  3.000  3.000    0   20   28    0  POST /keyword HTTP/1.1
    5    3.845  0.769000  0.535246  0.001  0.722  1.683  1.683  1.683  1.683    0    5    0    0  GET /logout HTTP/1.1
    2    4.499  2.249500  1.103500  1.146  3.353  3.353  3.353  3.353  3.353    2    0    0    0  GET /keyword/%E3%83%88%E3%82%A4%E3%82%BA HTTP/1.1
    2    0.711  0.355500  0.152500  0.203  0.508  0.508  0.508  0.508  0.508    2    0    0    0  GET /keyword/%E5%B9%B3%E5%B0%BE%E5%B1%B1 HTTP/1.1
    2    3.845  1.922500  0.992500  0.930  2.915  2.915  2.915  2.915  2.915    2    0    0    0  GET /keyword/%E8%8F%85%E5%B1%B1%E3%81%8B%E3%81%8A%E3%82%8B HTTP/1.1
    2    1.977  0.988500  0.010500  0.978  0.999  0.999  0.999  0.999  0.999    2    0    0    0  GET /keyword/%E5%8D%97%E8%9F%B9%E8%B0%B7%E6%9D%91 HTTP/1.1
    2    3.781  1.890500  0.669500  1.221  2.560  2.560  2.560  2.560  2.560    2    0    0    0  GET /keyword/Sugar%20%28%E9%9F%93%E5%9B%BD%E3%81%AE%E9%9F%B3%E6%A5%BD%E3%82%B0%E3%83%AB%E3%83%BC%E3%83%97%29 HTTP/1.1
    2    7.582  3.791000  0.089000  3.702  3.880  3.880  3.880  3.880  3.880    2    0    0    0  GET /?page=6 HTTP/1.1
    2    3.030  1.515000  0.169000  1.346  1.684  1.684  1.684  1.684  1.684    2    0    0    0  GET /keyword/CCE HTTP/1.1
    2    2.030  1.015000  0.203000  0.812  1.218  1.218  1.218  1.218  1.218    2    0    0    0  GET /keyword/%E5%B7%A8%E5%A4%A7%E5%9F%BA%E6%95%B0 HTTP/1.1
    2    1.372  0.686000  0.048000  0.638  0.734  0.734  0.734  0.734  0.734    2    0    0    0  GET /keyword/%E5%85%AB%E7%94%B0%E5%B0%8F%E5%AD%A6%E6%A0%A1 HTTP/1.1
    2    1.598  0.799000  0.048000  0.751  0.847  0.847  0.847  0.847  0.847    2    0    0    0  GET /keyword/%E5%8C%97%E6%B6%88%E9%98%B2%E7%BD%B2 HTTP/1.1

Top 20 Sort By Total
Count    Total      Mean    Stddev    Min  P50.0  P90.0  P95.0  P99.0    Max  2xx  3xx  4xx  5xx  Request
   74  280.107  3.785230  1.014844  1.055  3.882  4.773  5.259  6.741  6.741   74    0    0    0  GET / HTTP/1.1
  354  269.680  0.761808  0.633485  0.000  0.682  1.582  2.004  2.675  3.385  354    0    0    0  GET /css/bootstrap.min.css HTTP/1.1
  177  135.159  0.763610  0.632723  0.001  0.685  1.582  2.008  2.674  3.386  177    0    0    0  GET /js/jquery.min.js HTTP/1.1
  177  135.102  0.763288  0.632876  0.000  0.685  1.581  2.007  2.679  3.384  177    0    0    0  GET /js/bootstrap.min.js HTTP/1.1
  177  134.643  0.760695  0.632593  0.000  0.681  1.580  2.003  2.707  3.385  177    0    0    0  GET /favicon.ico HTTP/1.1
  177  134.440  0.759548  0.633900  0.000  0.682  1.581  2.007  2.673  3.384  177    0    0    0  GET /css/bootstrap-responsive.min.css HTTP/1.1
  177  133.955  0.756808  0.634520  0.000  0.681  1.582  2.003  2.672  3.384  177    0    0    0  GET /img/star.gif HTTP/1.1
   71   55.370  0.779859  0.637622  0.002  0.786  1.593  1.778  2.998  2.998    0   60   11    0  POST /login HTTP/1.1
   48   44.237  0.921604  0.702183  0.026  0.724  1.795  2.764  3.000  3.000    0   20   28    0  POST /keyword HTTP/1.1
    2    9.418  4.709000  0.687000  4.022  5.396  5.396  5.396  5.396  5.396    2    0    0    0  GET /?page=16 HTTP/1.1
    2    8.212  4.106000  0.125000  3.981  4.231  4.231  4.231  4.231  4.231    2    0    0    0  GET /?page=26 HTTP/1.1
    2    7.582  3.791000  0.089000  3.702  3.880  3.880  3.880  3.880  3.880    2    0    0    0  GET /?page=6 HTTP/1.1
    2    4.769  2.384500  1.551500  0.833  3.936  3.936  3.936  3.936  3.936    2    0    0    0  GET /keyword/%E3%82%A4%E3%82%AE%E3%83%AA%E3%82%B9%E6%94%BF%E5%BA%9C HTTP/1.1
    2    4.499  2.249500  1.103500  1.146  3.353  3.353  3.353  3.353  3.353    2    0    0    0  GET /keyword/%E3%83%88%E3%82%A4%E3%82%BA HTTP/1.1
    2    4.390  2.195000  1.635000  0.560  3.830  3.830  3.830  3.830  3.830    2    0    0    0  GET /keyword/%E5%86%85%E7%94%B0%E4%BF%AE%E5%B9%B3 HTTP/1.1
    1    4.354  4.354000  0.000000  4.354  4.354  4.354  4.354  4.354  4.354    1    0    0    0  GET /?page=9 HTTP/1.1
    1    4.025  4.025000  0.000000  4.025  4.025  4.025  4.025  4.025  4.025    1    0    0    0  GET /keyword/1050%E5%B9%B4 HTTP/1.1
    2    3.845  1.922500  0.992500  0.930  2.915  2.915  2.915  2.915  2.915    2    0    0    0  GET /keyword/%E8%8F%85%E5%B1%B1%E3%81%8B%E3%81%8A%E3%82%8B HTTP/1.1
    5    3.845  0.769000  0.535246  0.001  0.722  1.683  1.683  1.683  1.683    0    5    0    0  GET /logout HTTP/1.1
    2    3.781  1.890500  0.669500  1.221  2.560  2.560  2.560  2.560  2.560    2    0    0    0  GET /keyword/Sugar%20%28%E9%9F%93%E5%9B%BD%E3%81%AE%E9%9F%B3%E6%A5%BD%E3%82%B0%E3%83%AB%E3%83%BC%E3%83%97%29 HTTP/1.1

Top 20 Sort By Mean
Count    Total      Mean    Stddev    Min  P50.0  P90.0  P95.0  P99.0    Max  2xx  3xx  4xx  5xx  Request
    2    9.418  4.709000  0.687000  4.022  5.396  5.396  5.396  5.396  5.396    2    0    0    0  GET /?page=16 HTTP/1.1
    1    4.354  4.354000  0.000000  4.354  4.354  4.354  4.354  4.354  4.354    1    0    0    0  GET /?page=9 HTTP/1.1
    2    8.212  4.106000  0.125000  3.981  4.231  4.231  4.231  4.231  4.231    2    0    0    0  GET /?page=26 HTTP/1.1
    1    4.025  4.025000  0.000000  4.025  4.025  4.025  4.025  4.025  4.025    1    0    0    0  GET /keyword/1050%E5%B9%B4 HTTP/1.1
    2    7.582  3.791000  0.089000  3.702  3.880  3.880  3.880  3.880  3.880    2    0    0    0  GET /?page=6 HTTP/1.1
   74  280.107  3.785230  1.014844  1.055  3.882  4.773  5.259  6.741  6.741   74    0    0    0  GET / HTTP/1.1
    1    3.316  3.316000  0.000000  3.316  3.316  3.316  3.316  3.316  3.316    1    0    0    0  GET /?page=19 HTTP/1.1
    1    2.999  2.999000  0.000000  2.999  2.999  2.999  2.999  2.999  2.999    0    0    1    0  POST /stars?user=sekia&keyword=%E5%B9%B3%E5%B0%BE%E5%B1%B1 HTTP/1.1
    1    2.750  2.750000  0.000000  2.750  2.750  2.750  2.750  2.750  2.750    1    0    0    0  POST /stars?user=daiba&keyword=%E8%8F%85%E5%B1%B1%E3%81%8B%E3%81%8A%E3%82%8B HTTP/1.1
    1    2.746  2.746000  0.000000  2.746  2.746  2.746  2.746  2.746  2.746    1    0    0    0  POST /stars?user=bobpp&keyword=198%E5%B9%B4 HTTP/1.1
    1    2.726  2.726000  0.000000  2.726  2.726  2.726  2.726  2.726  2.726    1    0    0    0  GET /keyword/796%E5%B9%B4 HTTP/1.1
    1    2.704  2.704000  0.000000  2.704  2.704  2.704  2.704  2.704  2.704    1    0    0    0  GET /keyword/%E3%82%BF%E3%83%AF%E3%83%BC%E3%83%96%E3%83%AA%E3%83%83%E3%82%B8 HTTP/1.1
    2    4.769  2.384500  1.551500  0.833  3.936  3.936  3.936  3.936  3.936    2    0    0    0  GET /keyword/%E3%82%A4%E3%82%AE%E3%83%AA%E3%82%B9%E6%94%BF%E5%BA%9C HTTP/1.1
    1    2.359  2.359000  0.000000  2.359  2.359  2.359  2.359  2.359  2.359    1    0    0    0  GET /keyword/%E3%82%AF%E3%82%A4%E3%83%AB%E3%82%BA HTTP/1.1
    1    2.301  2.301000  0.000000  2.301  2.301  2.301  2.301  2.301  2.301    1    0    0    0  GET /?page=8 HTTP/1.1
    1    2.286  2.286000  0.000000  2.286  2.286  2.286  2.286  2.286  2.286    1    0    0    0  POST /stars?user=tarao&keyword=%E3%83%9C%E3%83%AA%E3%83%90%E3%83%AB%E5%B7%9E HTTP/1.1
    2    4.499  2.249500  1.103500  1.146  3.353  3.353  3.353  3.353  3.353    2    0    0    0  GET /keyword/%E3%83%88%E3%82%A4%E3%82%BA HTTP/1.1
    2    4.390  2.195000  1.635000  0.560  3.830  3.830  3.830  3.830  3.830    2    0    0    0  GET /keyword/%E5%86%85%E7%94%B0%E4%BF%AE%E5%B9%B3 HTTP/1.1
    1    2.137  2.137000  0.000000  2.137  2.137  2.137  2.137  2.137  2.137    1    0    0    0  POST /stars?user=hirafoo&keyword=%E6%A1%82%E5%8D%97%E5%85%89%E3%81%AE%E3%81%93%E3%81%A1%E3%82%89%E5%A4%A2%E9%80%9A%E3%82%8A HTTP/1.1
    1    2.079  2.079000  0.000000  2.079  2.079  2.079  2.079  2.079  2.079    1    0    0    0  POST /stars?user=bobpp&keyword=%E5%B9%B3%E5%B0%BE%E5%B1%B1 HTTP/1.1

Top 20 Sort By Standard Deviation
Count    Total      Mean    Stddev    Min  P50.0  P90.0  P95.0  P99.0    Max  2xx  3xx  4xx  5xx  Request
    2    4.390  2.195000  1.635000  0.560  3.830  3.830  3.830  3.830  3.830    2    0    0    0  GET /keyword/%E5%86%85%E7%94%B0%E4%BF%AE%E5%B9%B3 HTTP/1.1
    2    4.769  2.384500  1.551500  0.833  3.936  3.936  3.936  3.936  3.936    2    0    0    0  GET /keyword/%E3%82%A4%E3%82%AE%E3%83%AA%E3%82%B9%E6%94%BF%E5%BA%9C HTTP/1.1
    2    4.499  2.249500  1.103500  1.146  3.353  3.353  3.353  3.353  3.353    2    0    0    0  GET /keyword/%E3%83%88%E3%82%A4%E3%82%BA HTTP/1.1
   74  280.107  3.785230  1.014844  1.055  3.882  4.773  5.259  6.741  6.741   74    0    0    0  GET / HTTP/1.1
    2    3.845  1.922500  0.992500  0.930  2.915  2.915  2.915  2.915  2.915    2    0    0    0  GET /keyword/%E8%8F%85%E5%B1%B1%E3%81%8B%E3%81%8A%E3%82%8B HTTP/1.1
   48   44.237  0.921604  0.702183  0.026  0.724  1.795  2.764  3.000  3.000    0   20   28    0  POST /keyword HTTP/1.1
    2    9.418  4.709000  0.687000  4.022  5.396  5.396  5.396  5.396  5.396    2    0    0    0  GET /?page=16 HTTP/1.1
    2    3.781  1.890500  0.669500  1.221  2.560  2.560  2.560  2.560  2.560    2    0    0    0  GET /keyword/Sugar%20%28%E9%9F%93%E5%9B%BD%E3%81%AE%E9%9F%B3%E6%A5%BD%E3%82%B0%E3%83%AB%E3%83%BC%E3%83%97%29 HTTP/1.1
   71   55.370  0.779859  0.637622  0.002  0.786  1.593  1.778  2.998  2.998    0   60   11    0  POST /login HTTP/1.1
  177  133.955  0.756808  0.634520  0.000  0.681  1.582  2.003  2.672  3.384  177    0    0    0  GET /img/star.gif HTTP/1.1
  177  134.440  0.759548  0.633900  0.000  0.682  1.581  2.007  2.673  3.384  177    0    0    0  GET /css/bootstrap-responsive.min.css HTTP/1.1
  354  269.680  0.761808  0.633485  0.000  0.682  1.582  2.004  2.675  3.385  354    0    0    0  GET /css/bootstrap.min.css HTTP/1.1
  177  135.102  0.763288  0.632876  0.000  0.685  1.581  2.007  2.679  3.384  177    0    0    0  GET /js/bootstrap.min.js HTTP/1.1
  177  135.159  0.763610  0.632723  0.001  0.685  1.582  2.008  2.674  3.386  177    0    0    0  GET /js/jquery.min.js HTTP/1.1
  177  134.643  0.760695  0.632593  0.000  0.681  1.580  2.003  2.707  3.385  177    0    0    0  GET /favicon.ico HTTP/1.1
    5    3.845  0.769000  0.535246  0.001  0.722  1.683  1.683  1.683  1.683    0    5    0    0  GET /logout HTTP/1.1
    2    2.973  1.486500  0.416500  1.070  1.903  1.903  1.903  1.903  1.903    2    0    0    0  GET /keyword/%E6%A1%82%E5%8D%97%E5%85%89%E3%81%AE%E3%81%93%E3%81%A1%E3%82%89%E5%A4%A2%E9%80%9A%E3%82%8A HTTP/1.1
    2    2.683  1.341500  0.377500  0.964  1.719  1.719  1.719  1.719  1.719    2    0    0    0  GET /keyword/%E8%BC%AA%E7%8A%B6%E7%94%B2%E7%8A%B6%E7%AD%8B HTTP/1.1
    2    2.671  1.335500  0.362500  0.973  1.698  1.698  1.698  1.698  1.698    2    0    0    0  GET /keyword/%E5%A4%A7%E5%92%8C%E4%BA%8C%E8%A6%8B%E9%A7%85 HTTP/1.1
    2    2.066  1.033000  0.352000  0.681  1.385  1.385  1.385  1.385  1.385    2    0    0    0  GET /keyword/2065%E5%B9%B4 HTTP/1.1

Top 20 Sort By Maximum(100 Percentile)
Count    Total      Mean    Stddev    Min  P50.0  P90.0  P95.0  P99.0    Max  2xx  3xx  4xx  5xx  Request
   74  280.107  3.785230  1.014844  1.055  3.882  4.773  5.259  6.741  6.741   74    0    0    0  GET / HTTP/1.1
    2    9.418  4.709000  0.687000  4.022  5.396  5.396  5.396  5.396  5.396    2    0    0    0  GET /?page=16 HTTP/1.1
    1    4.354  4.354000  0.000000  4.354  4.354  4.354  4.354  4.354  4.354    1    0    0    0  GET /?page=9 HTTP/1.1
    2    8.212  4.106000  0.125000  3.981  4.231  4.231  4.231  4.231  4.231    2    0    0    0  GET /?page=26 HTTP/1.1
    1    4.025  4.025000  0.000000  4.025  4.025  4.025  4.025  4.025  4.025    1    0    0    0  GET /keyword/1050%E5%B9%B4 HTTP/1.1
    2    4.769  2.384500  1.551500  0.833  3.936  3.936  3.936  3.936  3.936    2    0    0    0  GET /keyword/%E3%82%A4%E3%82%AE%E3%83%AA%E3%82%B9%E6%94%BF%E5%BA%9C HTTP/1.1
    2    7.582  3.791000  0.089000  3.702  3.880  3.880  3.880  3.880  3.880    2    0    0    0  GET /?page=6 HTTP/1.1
    2    4.390  2.195000  1.635000  0.560  3.830  3.830  3.830  3.830  3.830    2    0    0    0  GET /keyword/%E5%86%85%E7%94%B0%E4%BF%AE%E5%B9%B3 HTTP/1.1
  177  135.159  0.763610  0.632723  0.001  0.685  1.582  2.008  2.674  3.386  177    0    0    0  GET /js/jquery.min.js HTTP/1.1
  354  269.680  0.761808  0.633485  0.000  0.682  1.582  2.004  2.675  3.385  354    0    0    0  GET /css/bootstrap.min.css HTTP/1.1
  177  134.643  0.760695  0.632593  0.000  0.681  1.580  2.003  2.707  3.385  177    0    0    0  GET /favicon.ico HTTP/1.1
  177  135.102  0.763288  0.632876  0.000  0.685  1.581  2.007  2.679  3.384  177    0    0    0  GET /js/bootstrap.min.js HTTP/1.1
  177  133.955  0.756808  0.634520  0.000  0.681  1.582  2.003  2.672  3.384  177    0    0    0  GET /img/star.gif HTTP/1.1
  177  134.440  0.759548  0.633900  0.000  0.682  1.581  2.007  2.673  3.384  177    0    0    0  GET /css/bootstrap-responsive.min.css HTTP/1.1
    2    4.499  2.249500  1.103500  1.146  3.353  3.353  3.353  3.353  3.353    2    0    0    0  GET /keyword/%E3%83%88%E3%82%A4%E3%82%BA HTTP/1.1
    1    3.316  3.316000  0.000000  3.316  3.316  3.316  3.316  3.316  3.316    1    0    0    0  GET /?page=19 HTTP/1.1
   48   44.237  0.921604  0.702183  0.026  0.724  1.795  2.764  3.000  3.000    0   20   28    0  POST /keyword HTTP/1.1
    1    2.999  2.999000  0.000000  2.999  2.999  2.999  2.999  2.999  2.999    0    0    1    0  POST /stars?user=sekia&keyword=%E5%B9%B3%E5%B0%BE%E5%B1%B1 HTTP/1.1
   71   55.370  0.779859  0.637622  0.002  0.786  1.593  1.778  2.998  2.998    0   60   11    0  POST /login HTTP/1.1
    2    3.845  1.922500  0.992500  0.930  2.915  2.915  2.915  2.915  2.915    2    0    0    0  GET /keyword/%E8%8F%85%E5%B1%B1%E3%81%8B%E3%81%8A%E3%82%8B HTTP/1.1

TOP 37 Slow Requests
 1  6.741  GET / HTTP/1.1
 2  6.051  GET / HTTP/1.1
 3  5.955  GET / HTTP/1.1
 4  5.396  GET /?page=16 HTTP/1.1
 5  5.259  GET / HTTP/1.1
 6  5.252  GET / HTTP/1.1
 7  5.201  GET / HTTP/1.1
 8  4.959  GET / HTTP/1.1
 9  4.773  GET / HTTP/1.1
10  4.718  GET / HTTP/1.1
11  4.601  GET / HTTP/1.1
12  4.577  GET / HTTP/1.1
13  4.486  GET / HTTP/1.1
14  4.480  GET / HTTP/1.1
15  4.469  GET / HTTP/1.1
16  4.436  GET / HTTP/1.1
17  4.428  GET / HTTP/1.1
18  4.423  GET / HTTP/1.1
19  4.422  GET / HTTP/1.1
20  4.416  GET / HTTP/1.1
21  4.354  GET /?page=9 HTTP/1.1
22  4.336  GET / HTTP/1.1
23  4.315  GET / HTTP/1.1
24  4.313  GET / HTTP/1.1
25  4.249  GET / HTTP/1.1
26  4.231  GET /?page=26 HTTP/1.1
27  4.228  GET / HTTP/1.1
28  4.211  GET / HTTP/1.1
29  4.114  GET / HTTP/1.1
30  4.111  GET / HTTP/1.1
31  4.073  GET / HTTP/1.1
32  4.061  GET / HTTP/1.1
33  4.057  GET / HTTP/1.1
34  4.036  GET / HTTP/1.1
35  4.031  GET / HTTP/1.1
36  4.025  GET /keyword/1050%E5%B9%B4 HTTP/1.1
37  4.022  GET /?page=16 HTTP/1.1
